9690
1992
4943
15671
12570
6820
5451
2365
11605
9281
12545
4514
6751
18450
14710
6119
17820
9196
12420
16370
33131
26217
3329
850
29952
36188
1401
1198
23242
1127
13089
12555
477
14820
6664
5737
5902
5409
1348
2923
4389
5637
8993
2302
19682
10019
11910
6166
13941
22554
1840
14524
25315
23787
15357
5870
5116
18365
9609
4414
5788
3403
26307
3786
2327
3759
17380
23905
17524
14927
4207
2539
8404
21879
22535
2946
13347
9940
6635
27910
29594
2538
24625
4836
11211
10296
25011
10276
1872
19010
320
10359
21286
6643
8241
12654
8698
819
7522
2742
2588
15127
15701
19501
13549
16128
12021
20803
20158